10451
10452
10453
10454
10455
10456
10457
10458
10459
10460
10461
10462
10463
10464
10465
10466
10467
10468
10469
10470
10471
10472
10473
10474
10475
10550
10704
10705
10803
10001
10002
10003
10004
10005
10006
10007
10009
10010
10011
10012
10013
10014
10016
10017
10018
10019
10020
10021
10022
10023
10024
10025
10026
10027
10028
10029
10030
10031
10032
10033
10034
10035
10036
10037
10038
10039
10040
10044
10065
10069
10075
10103
10110
10111
10112
10115
10119
10128
10152
10153
10154
10162
10165
10167
10168
10169
10170
10171
10172
10173
10174
10177
10199
10271
10278
10279
10280
10282
10463
11201
11001
11004
11005
11040
11096
11101
11102
11103
11104
11105
11106
11109
11239
11351
11354
11355
11356
11357
11358
11359
11360
11361
11362
11363
11364
11365
11366
11367
11368
11369
11370
11371
11372
11373
11374
11375
11377
11378
11379
11385
11411
11412
11413
11414
11415
11416
11417
11418
11419
11420
11421
11422
11423
11424
11425
11426
11427
11428
11429
11430
11432
11433
11434
11435
11436
11451
11559
11580
11691
11692
11693
11694
11697
10301
10302
10303
10304
10305
10306
10307
10308
10309
10310
10311
10312
10314
