10451
10452
10453
10454
10455
10456
10457
10458
10459
10460
10461
10462
10463
10464
10465
10466
10467
10468
10469
10470
10471
10472
10473
10474
10475
10550
10704
10705
10803
10001
10002
10003
10004
10005
10006
10007
10009
10010
10011
10012
10013
10014
10016
10017
10018
10019
10021
10022
10023
10024
10025
10026
10027
10028
10029
10030
10031
10032
10033
10034
10035
10036
10037
10038
10039
10040
10044
10065
10069
10075
10128
10162
10280
10282
10463
11201
11001
11004
11005
11040
11096
11101
11102
11103
11104
11105
11106
11109
11239
11354
11355
11356
11357
11358
11360
11361
11362
11363
11364
11365
11366
11367
11368
11369
11370
11372
11373
11374
11375
11377
11378
11379
11385
11411
11412
11413
11414
11415
11416
11417
11418
11419
11420
11421
11422
11423
11426
11427
11428
11429
11430
11432
11433
11434
11435
11436
11559
11580
11691
11692
11693
11694
11697
10301
10302
10303
10304
10305
10306
10307
10308
10309
10310
10312
10314
11209
10112
10168
11217
11216
11221
10103
11219
11210
11224
10153
11208
11238
11229
11228
11212
10271
11237
11235
11231
11222
11230
11203
11232
10170
11226
11215
10165
10172
11218
11220
10020
11211
11214
11213
11205
10154
11234
11225
10119
11223
11207
11204
11206
11371
11236
11233
