10008
10041
10043
10045
10047
10048
10055
10072
10080
10081
10082
10087
10101
10102
10104
10105
10106
10107
10108
10109
10113
10114
10116
10117
10118
10120
10121
10122
10123
10124
10125
10126
10129
10130
10131
10132
10133
10138
10149
10150
10151
10155
10156
10157
10158
10159
10160
10161
10163
10164
10166
10175
10176
10178
10179
10185
10197
10213
10242
10249
10256
10259
10260
10261
10265
10268
10269
10270
10272
10273
10274
10275
10276
10277
10281
10285
10286
10292
10313
10499
11352
11380
11381
11386
11405
11431
11439
11499
11690
11695
